00111100000001000000000000000000
00110100100001000000000000000000
00111100000000100000000000000000
00110100010000100000000000000100
00000000000000000000000000001100
00111100000000100000000000000000
00110100010000100000000000000101
00000000000000000000000000001100
00000000010000000010100000100000
00001100000000000000000100010100
00000000010000000010000000100000
00111100000000100000000000000000
00110100010000100000000000000001
00000000000000000000000000001100
00111100000000100000000000000000
00110100010000100000000000001010
00000000000000000000000000001100
00111100000010000000000000000000
00110101000010000000000000000010
00000000101010000100100000101010
00010001001000000000000000000001
00001000000000000000000100111101
00100011101111011111111111101000
10101111101111110000000000010100
10101111101001010000000000010000
10101111101000000000000000001100
10101111101000000000000000001000
10001111101010100000000000001000
10001111101010110000000000010000
00000001010010110101100000101010
00010001011000000000000000010110
10001111101010100000000000001000
10001111101010110000000000010000
00000001010000000010100000100000
00001100000000000000000100010100
10101111101000100000000000000100
10001111101010100000000000001000
10001111101010110000000000010000
00000001011010100101000000100010
00100001010010101111111111111111
00000001010000000010100000100000
00001100000000000000000100010100
10101111101000100000000000000000
10001111101011000000000000000000
10001111101011010000000000000100
00000001100011010111000000000010
10001111101011000000000000001100
00000001100011100110000000100000
10101111101011000000000000001100
10001111101011000000000000001000
00100001100011000000000000000001
10101111101011000000000000001000
00001000000000000000000100011110
10001111101011000000000000001100
00000001100000000001000000100000
10001111101111110000000000010100
00100011101111010000000000011000
00000011111000000000000000001000
00111100000000100000000000000000
00110100010000100000000000000001
00000011111000000000000000001000
